#cosmological_parameters--h0	cosmological_parameters--omega_m	cosmological_parameters--omega_b	cosmological_parameters--n_s	cosmological_parameters--a_s	cosmological_parameters--tau	prior	post
#sampler=emcee
#n_varied=6
#module_0=consistency 1.1
#module_1=camb 2.0
## CITE http://arxiv.org/abs/1201.3654
## CITE http://arxiv.org/abs/astro-ph/9911177
#module_2=planck_py 1.0
## CITE Phys. Rev. D 100, 083502
## CITE https://doi.org/10.1051/0004-6361/201936386
## CITE https://doi.org/10.1051/0004-6361/201526926
#timestamp=2026-10-02T13:33:44.704853
#platform=macOS-26.6-arm64-arm-64bit
#platform_version=Darwin Kernel Version 25.6.0: Sat Jul 11 15:27:21 PDT 2026; root:xnu-12377.161.13~4/RELEASE_ARM64_T8140
#uuid=9d460712457b43f1b8a399c8ae124ef1
#cosmosis_git_version=
#csl_git_version=
#cwd_git_version=31f7d38f7bc13580cbe0ca02efb269d49af5bb7a
#walkers=12
#samples=30
#nsteps=10
#a=2.0
#random_start=False
#start_points=
#covmat=
#start_method=
#start_input=
## START_OF_PARAMS_INI
## [runtime]
## sampler = emcee
## root = /Users/svs/cosmosis/cosmosis-standard-library/Hubble-Tension/..
## resume = F
## verbosity = standard
## 
## [emcee]
## walkers = 12
## samples = 30
## nsteps = 10
## 
## [output]
## filename = /Users/svs/cosmosis/cosmosis-standard-library/Hubble-Tension/output/planck_lite_chain.txt
## format = text
## 
## [pipeline]
## modules = consistency camb planck
## values = /Users/svs/cosmosis/cosmosis-standard-library/Hubble-Tension/planck_values.ini
## priors = /Users/svs/cosmosis/cosmosis-standard-library/Hubble-Tension/planck_priors.ini
## debug = F
## timing = F
## 
## [consistency]
## file = utility/consistency/consistency_interface.py
## 
## [camb]
## file = boltzmann/camb/camb_interface.py
## mode = cmb
## lmax = 2800
## feedback = 1
## accuracyboost = 1.1
## do_tensors = F
## do_lensing = T
## nonlinear = lens
## accurate_massive_neutrino_transfers = F
## 
## [planck]
## file = likelihood/planck_py/planck_py_interface.py
## year = 2018
## spectra = TTTEEE
## use_low_ell_bins = T
## 
## END_OF_PARAMS_INI
## START_OF_VALUES_INI
## [cosmological_parameters]
## h0 = 0.55 0.674 0.85
## omega_m = 0.20 0.315 0.42
## omega_b = 0.040 0.049 0.055
## n_s = 0.90 0.965 1.02
## a_s = 1.5e-9 2.1e-9 2.8e-9
## tau = 0.01 0.054 0.12
## omega_k = 0.0
## mnu = 0.06
## nnu = 3.046
## num_massive_neutrinos = 1
## yhe = 0.245341
## k_s = 0.05
## n_run = 0.0
## r_t = 0.0
## n_t = 0.0
## w = -1.0
## wa = 0.0
## 
## END_OF_VALUES_INI
## START_OF_PRIORS_INI
## [cosmological_parameters]
## h0 = uniform 0.55 0.85
## omega_m = uniform 0.20 0.42
## omega_b = uniform 0.040 0.055
## n_s = uniform 0.90 1.02
## a_s = uniform 1.5e-9 2.8e-9
## tau = uniform 0.01 0.12
## 
## END_OF_PRIORS_INI
0.6747680603656562	0.31495503146480336	0.04898272012163342	0.9647661778139888	2.0990055765597624e-09	0.05399051453595388	31.706245636704374	-269.8009447753447
0.6738868487200473	0.3155335671838906	0.04900991405336727	0.965023163454017	2.0986066283603247e-09	0.0542643522582038	31.706245636704374	-267.54933692733584
0.6739624085459419	0.3152559164837154	0.04900146461316156	0.9650638097968783	2.098848234465246e-09	0.054049001575163305	31.706245636704374	-266.89779399897657
0.6743933655214499	0.3148817272525921	0.04899423224991807	0.9646624468015651	2.100068072380481e-09	0.05393590970125824	31.706245636704374	-267.52016083169127
0.6738046919851336	0.31510693622163716	0.048992598455672484	0.9650330412159669	2.100245870238463e-09	0.053832908072540785	31.706245636704374	-266.9748627447958
0.6736968395407105	0.3154982424785281	0.04898284834647994	0.9650693874124029	2.0982669267404367e-09	0.05366594371622173	31.706245636704374	-267.6226462520702
0.6741829193099439	0.3150255519526056	0.049006414462155444	0.9652158442407317	2.099381268853977e-09	0.05398650789300118	31.706245636704374	-266.8536617537574
0.6740842059084288	0.315073301571405	0.04899996022195528	0.9650587157289227	2.097863997942893e-09	0.05382699839984713	31.706245636704374	-266.6360153417103
0.6736901272149257	0.3145244902725008	0.04899089500745638	0.9650315795555748	2.099115396655341e-09	0.05406284043945625	31.706245636704374	-265.200353183708
0.6738416663007455	0.3155945499401154	0.0489947290304885	0.9648853792673866	2.0998758924774143e-09	0.05401467930845422	31.706245636704374	-268.3170839439015
0.6740742186914809	0.31498592275047055	0.04898369269068165	0.9651792751103428	2.100261763637131e-09	0.054011402928751485	31.706245636704374	-267.0837834464936
0.6743129332912496	0.3148368033470975	0.04902319528550235	0.9650543098610163	2.1015088329874675e-09	0.05421953784000049	31.706245636704374	-266.61078217766914
0.6747680603656562	0.31495503146480336	0.04898272012163342	0.9647661778139888	2.0990055765597624e-09	0.05399051453595388	31.706245636704374	-269.8009447753447
0.6739189167253092	0.3157000928370437	0.04901667280149148	0.9650193078952181	2.0979667877285264e-09	0.05443275664319536	31.706245636704374	-268.60062404822384
0.6740472138319464	0.3150180717503003	0.04900619545955311	0.9651891333906285	2.098126442092618e-09	0.05407310837920568	31.706245636704374	-266.02718390851595
0.6745230906747991	0.31465796738260776	0.04898809648981544	0.964564872815763	2.1006426116688565e-09	0.053800060382515835	31.706245636704374	-267.67242223736025
0.6738994003377967	0.3147633188731836	0.049001160308719496	0.9650011245690292	2.1019836377940705e-09	0.053979524305719506	31.706245636704374	-267.01415582632956
0.6736968395407105	0.3154982424785281	0.04898284834647994	0.9650693874124029	2.0982669267404367e-09	0.05366594371622173	31.706245636704374	-267.6226462520702
0.6743079884325883	0.3148170143656362	0.04901069716925813	0.9653369595515624	2.099199989448507e-09	0.053976183077924414	31.706245636704374	-266.38575856785457
0.6740842059084288	0.315073301571405	0.04899996022195528	0.9650587157289227	2.097863997942893e-09	0.05382699839984713	31.706245636704374	-266.6360153417103
0.6733110379938527	0.3140690673086272	0.04899800352410596	0.9648858075292984	2.097983959503733e-09	0.05411360804836517	31.706245636704374	-266.0151475039039
0.6738416663007455	0.3155945499401154	0.0489947290304885	0.9648853792673866	2.0998758924774143e-09	0.05401467930845422	31.706245636704374	-268.3170839439015
0.6740742186914809	0.31498592275047055	0.04898369269068165	0.9651792751103428	2.100261763637131e-09	0.054011402928751485	31.706245636704374	-267.0837834464936
0.6743129332912496	0.3148368033470975	0.04902319528550235	0.9650543098610163	2.1015088329874675e-09	0.05421953784000049	31.706245636704374	-266.61078217766914
0.6750661607092326	0.3150324688322781	0.04895620959098355	0.9645774563182916	2.0973659869964918e-09	0.05384050824219003	31.706245636704374	-273.4233268962529
0.6739189167253092	0.3157000928370437	0.04901667280149148	0.9650193078952181	2.0979667877285264e-09	0.05443275664319536	31.706245636704374	-268.60062404822384
0.6740472138319464	0.3150180717503003	0.04900619545955311	0.9651891333906285	2.098126442092618e-09	0.05407310837920568	31.706245636704374	-266.02718390851595
0.6750993207541055	0.31386596894237123	0.04898248784183693	0.9642938442686938	2.1012909692523436e-09	0.05361857306650092	31.706245636704374	-267.67640945424984
0.6735602835979643	0.3146884760728131	0.049008359185064646	0.9650928455819091	2.103146245010255e-09	0.05397523382276005	31.706245636704374	-268.21767100945124
0.6734897510407138	0.31531001563278394	0.04895130680985519	0.9651160869061537	2.0985468084305766e-09	0.05295088539489136	31.706245636704374	-269.0953204143234
0.6743079884325883	0.3148170143656362	0.04901069716925813	0.9653369595515624	2.099199989448507e-09	0.053976183077924414	31.706245636704374	-266.38575856785457
0.6740842059084288	0.315073301571405	0.04899996022195528	0.9650587157289227	2.097863997942893e-09	0.05382699839984713	31.706245636704374	-266.6360153417103
0.6733110379938527	0.3140690673086272	0.04899800352410596	0.9648858075292984	2.097983959503733e-09	0.05411360804836517	31.706245636704374	-266.0151475039039
0.6739730422594788	0.3160175905955059	0.04898836519004122	0.9647885144434089	2.0983489837685583e-09	0.054033096177897706	31.706245636704374	-271.7258135549897
0.6741486935985431	0.31490455674915885	0.048983605156953054	0.9651149474867373	2.100336536672261e-09	0.05398286336323011	31.706245636704374	-267.0959847077909
0.6743129332912496	0.3148368033470975	0.04902319528550235	0.9650543098610163	2.1015088329874675e-09	0.05421953784000049	31.706245636704374	-266.61078217766914
0.6745031151454168	0.3149034436305317	0.048975730057913246	0.9647690466655084	2.09952996300382e-09	0.05389058178626601	31.706245636704374	-268.39378221426693
0.6739189167253092	0.3157000928370437	0.04901667280149148	0.9650193078952181	2.0979667877285264e-09	0.05443275664319536	31.706245636704374	-268.60062404822384
0.6740472138319464	0.3150180717503003	0.04900619545955311	0.9651891333906285	2.098126442092618e-09	0.05407310837920568	31.706245636704374	-266.02718390851595
0.6758028548267409	0.31252195043218733	0.048978816534306704	0.9639848466945691	2.1031286914843815e-09	0.05335963965513436	31.706245636704374	-269.4936500909355
0.6735524048550989	0.3146855827771767	0.04900869063868063	0.9650925496399217	2.1031838666847675e-09	0.05397513166408245	31.706245636704374	-268.27007037576607
0.6734897510407138	0.31531001563278394	0.04895130680985519	0.9651160869061537	2.0985468084305766e-09	0.05295088539489136	31.706245636704374	-269.0953204143234
0.675017345658463	0.3143896151601128	0.04906218464832977	0.9655284413984868	2.0997662538107497e-09	0.054865047761150365	31.706245636704374	-266.2004014049679
0.6740408292023805	0.31518680531977555	0.04901096121835853	0.9650208922555593	2.0962008807577906e-09	0.05372215810105682	31.706245636704374	-266.57396874693785
0.6733110379938527	0.3140690673086272	0.04899800352410596	0.9648858075292984	2.097983959503733e-09	0.05411360804836517	31.706245636704374	-266.0151475039039
0.6739730422594788	0.3160175905955059	0.04898836519004122	0.9647885144434089	2.0983489837685583e-09	0.054033096177897706	31.706245636704374	-271.7258135549897
0.6746255653175351	0.31461112923788714	0.04900697922517517	0.965114122897569	2.1016317493930062e-09	0.054729697972524034	31.706245636704374	-266.5586856475484
0.6743129332912496	0.3148368033470975	0.04902319528550235	0.9650543098610163	2.1015088329874675e-09	0.05421953784000049	31.706245636704374	-266.61078217766914
0.6745031151454168	0.3149034436305317	0.048975730057913246	0.9647690466655084	2.09952996300382e-09	0.05389058178626601	31.706245636704374	-268.39378221426693
0.6739189167253092	0.3157000928370437	0.04901667280149148	0.9650193078952181	2.0979667877285264e-09	0.05443275664319536	31.706245636704374	-268.60062404822384
0.6731790787743691	0.31604394778410366	0.04901868349809859	0.9656969216937894	2.0969539509119003e-09	0.05436574383384223	31.706245636704374	-266.74597068347884
0.6777162416279009	0.31068237806948995	0.0489534168508097	0.9630430509550719	2.1030817801993052e-09	0.052836333515926315	31.706245636704374	-271.8493546484231
0.6735524048550989	0.3146855827771767	0.04900869063868063	0.9650925496399217	2.1031838666847675e-09	0.05397513166408245	31.706245636704374	-268.27007037576607
0.673688126854425	0.31523042523540884	0.04895608789661808	0.9650481504262557	2.098739270436647e-09	0.0531348400420071	31.706245636704374	-268.64419871708293
0.675017345658463	0.3143896151601128	0.04906218464832977	0.9655284413984868	2.0997662538107497e-09	0.054865047761150365	31.706245636704374	-266.2004014049679
0.6739576368415215	0.3152377987109013	0.04901730137093594	0.9650662140515686	2.095601783563267e-09	0.05369184879962082	31.706245636704374	-266.3151444087776
0.6730363995269447	0.31385861632722895	0.04899109798542683	0.9648396178504232	2.097017724955939e-09	0.05408457068722554	31.706245636704374	-267.704695877683
0.6740810028360352	0.3157906709550222	0.04898579177761891	0.9647845494178772	2.0985895152171993e-09	0.054004070101868716	31.706245636704374	-270.8856045331026
0.6746255653175351	0.31461112923788714	0.04900697922517517	0.965114122897569	2.1016317493930062e-09	0.054729697972524034	31.706245636704374	-266.5586856475484
0.6744835792792253	0.31464420854328695	0.049026026084613906	0.9650485923753521	2.104345940664129e-09	0.054472982583702444	31.706245636704374	-267.22933056438694
0.6753893795410061	0.3140841735511537	0.04894709262491901	0.9641294938680179	2.101550756479857e-09	0.053558698711170555	31.706245636704374	-270.39286868899046
0.6739189167253092	0.3157000928370437	0.04901667280149148	0.9650193078952181	2.0979667877285264e-09	0.05443275664319536	31.706245636704374	-268.60062404822384
0.6731483338877534	0.3161558145415483	0.04901950644979051	0.9657466941346367	2.0964408925858173e-09	0.054397912298596994	31.706245636704374	-267.2155221013781
0.676722233498489	0.3119958419942161	0.048969975067666115	0.9635603665692748	2.1017428523413375e-09	0.053254221794436146	31.706245636704374	-268.5953102588097
0.6734428884587097	0.3150840634840405	0.04901162207586	0.9652698441093801	2.1013563010244226e-09	0.05408971898981724	31.706245636704374	-266.4313652528695
0.6742374130912177	0.3148644100222353	0.048998660287841285	0.9652500091278783	2.099192322679938e-09	0.053819761146596826	31.706245636704374	-266.7715512660492
0.6751026139371312	0.3142878860701624	0.04906571761866747	0.9655679641533285	2.0999059418421934e-09	0.05489860543465931	31.706245636704374	-266.05185783997575
0.6739830283380794	0.31520914131112276	0.04901772258345169	0.965065363310691	2.096023934770342e-09	0.053729560447071	31.706245636704374	-266.2917528118188
0.6732807297992845	0.313991249443326	0.04899699496676121	0.9648748994403622	2.0982549623737e-09	0.054150147050007494	31.706245636704374	-266.4898188278762
0.674217566908834	0.3158669866654937	0.048959773271940975	0.9645867559508976	2.0991141881932866e-09	0.05364288443472293	31.706245636704374	-273.3114098454435
0.6744644522340841	0.31472029778238625	0.04898714157487336	0.9649608476105037	2.1022146043988337e-09	0.05467265304895723	31.706245636704374	-266.96450782705085
0.6752415856510654	0.313786083897651	0.049029727220577204	0.9646522865089472	2.108833562828065e-09	0.0545155992853284	31.706245636704374	-269.8487787767546
0.6755315798860221	0.31437098142657255	0.048867585494972256	0.9636264873232834	2.0945435819896576e-09	0.05263801388552698	31.706245636704374	-274.69413488995406
0.6739264742709521	0.3156891564570935	0.04901674739262019	0.9650172107862404	2.0980288789648186e-09	0.05443322999449054	31.706245636704374	-268.56608338512314
0.6727230532534941	0.3164108593257855	0.049021014369966205	0.9661453820163943	2.0955730031033556e-09	0.05437860995619903	31.706245636704374	-266.7281251861147
0.6771829368829219	0.3113438663770703	0.048942740945324706	0.9629893022134101	2.1022653644818714e-09	0.05278647422801278	31.706245636704374	-271.17043328266124
0.6733955074587875	0.31521170754425915	0.049011265609094606	0.9652826572837179	2.099783874856619e-09	0.053989913344791814	31.706245636704374	-265.89187648936326
0.6739664898547775	0.314967705264105	0.04902609972396525	0.9655898801425712	2.1001654985319517e-09	0.05406715027287378	31.706245636704374	-265.9378001013587
0.6744563208330676	0.31418265753100644	0.049041339023400445	0.9653221071664021	2.099320275265888e-09	0.054633098159728666	31.706245636704374	-263.91434349443796
0.6729722028258256	0.31635208706662943	0.04900808091410011	0.9653971309349498	2.08573572722538e-09	0.05309824385692871	31.706245636704374	-269.9403118103823
0.6732807297992845	0.313991249443326	0.04899699496676121	0.9648748994403622	2.0982549623737e-09	0.054150147050007494	31.706245636704374	-266.4898188278762
0.674217566908834	0.3158669866654937	0.048959773271940975	0.9645867559508976	2.0991141881932866e-09	0.05364288443472293	31.706245636704374	-273.3114098454435
0.6744644522340841	0.31472029778238625	0.04898714157487336	0.9649608476105037	2.1022146043988337e-09	0.05467265304895723	31.706245636704374	-266.96450782705085
0.6751391978590813	0.31390185431583423	0.04902875060371902	0.9646858916703602	2.1077914573002236e-09	0.054451652431075116	31.706245636704374	-269.2237464459378
0.6753793107223456	0.3141889302929694	0.04893012779976135	0.9640376035387285	2.099684599558065e-09	0.053341820904148816	31.706245636704374	-270.9184129767375
0.6742729278916576	0.31517855593427424	0.04902017649714656	0.9649225587909883	2.100817874449717e-09	0.05443849295788914	31.706245636704374	-267.45167626245654
0.6726827353570706	0.31646268998957416	0.04902054159398997	0.9661645323833206	2.095485837028884e-09	0.05437269025334885	31.706245636704374	-266.828467970578
0.6771829368829219	0.3113438663770703	0.048942740945324706	0.9629893022134101	2.1022653644818714e-09	0.05278647422801278	31.706245636704374	-271.17043328266124
0.6733955074587875	0.31521170754425915	0.049011265609094606	0.9652826572837179	2.099783874856619e-09	0.053989913344791814	31.706245636704374	-265.89187648936326
0.6738178860096874	0.3144354516315836	0.049065356062379085	0.9661835947396527	2.1007877328468142e-09	0.05431825858353362	31.706245636704374	-264.9566029659429
0.6739957946768821	0.31417952773404006	0.04909682790571882	0.9659630107398113	2.0991384955217862e-09	0.05527738143735711	31.706245636704374	-262.7722166951924
0.6729722028258256	0.31635208706662943	0.04900808091410011	0.9653971309349498	2.08573572722538e-09	0.05309824385692871	31.706245636704374	-269.9403118103823
0.6732807297992845	0.313991249443326	0.04899699496676121	0.9648748994403622	2.0982549623737e-09	0.054150147050007494	31.706245636704374	-266.4898188278762
0.674217566908834	0.3158669866654937	0.048959773271940975	0.9645867559508976	2.0991141881932866e-09	0.05364288443472293	31.706245636704374	-273.3114098454435
0.6744644522340841	0.31472029778238625	0.04898714157487336	0.9649608476105037	2.1022146043988337e-09	0.05467265304895723	31.706245636704374	-266.96450782705085
0.6753188018691233	0.31368400076756403	0.04903982610855785	0.9646127038087349	2.1092759058203723e-09	0.054392826414687755	31.706245636704374	-270.609091089944
0.6753793107223456	0.3141889302929694	0.04893012779976135	0.9640376035387285	2.099684599558065e-09	0.053341820904148816	31.706245636704374	-270.9184129767375
0.6742757420116913	0.3151718226207461	0.04901969110591429	0.9649231213791831	2.1008383969884276e-09	0.05444193353674725	31.706245636704374	-267.44299483646046
0.6724964577258432	0.31653386500133485	0.04902856027029701	0.9666583693060593	2.1017602117149757e-09	0.055192819910309755	31.706245636704374	-266.3811910765173
0.6762191051423758	0.31222937096798303	0.048977860872523364	0.9639042246444111	2.101842135138734e-09	0.053225214216541916	31.706245636704374	-268.6282427907484
0.6732760436667385	0.31543126053702136	0.048995966890328604	0.9650278398819924	2.0994999478391797e-09	0.05389704554353217	31.706245636704374	-266.37729463673685
0.6739578712891171	0.3142131565698576	0.04906925401832525	0.9661332995770947	2.100684713464103e-09	0.05422561207883569	31.706245636704374	-265.1069847054146
0.6740260375508367	0.31428854925266697	0.049088463123858325	0.9658494687482114	2.0993217620612395e-09	0.05518583557712133	31.706245636704374	-262.90507850347933
0.6728172383030497	0.31652154228390345	0.04901025538620414	0.9654424373272953	2.084024457431649e-09	0.05293474734773504	31.706245636704374	-270.7793846523675
0.6732807297992845	0.313991249443326	0.04899699496676121	0.9648748994403622	2.0982549623737e-09	0.054150147050007494	31.706245636704374	-266.4898188278762
0.673569991622379	0.3168023631430672	0.048976298150245075	0.9648928626213029	2.098796231429801e-09	0.05381070224428236	31.706245636704374	-275.2914392386898
0.6744644522340841	0.31472029778238625	0.04898714157487336	0.9649608476105037	2.1022146043988337e-09	0.05467265304895723	31.706245636704374	-266.96450782705085
0.6750885038012266	0.313963344481768	0.049025624491540694	0.9647065492809037	2.107372464878255e-09	0.054468256344748334	31.706245636704374	-268.8925611861803
0.6751071132026236	0.31443136273164907	0.04895221877566304	0.964256018357411	2.099969186096061e-09	0.05361316597502392	31.706245636704374	-269.9312124518341
0.6739039951431757	0.31572456509660907	0.049016977251061966	0.9650221786926294	2.0978497977358715e-09	0.05442989382034949	31.706245636704374	-268.675144851245
0.6722038053814307	0.3169634580876564	0.04901709914205429	0.9668131351056486	2.102226756838177e-09	0.055194156212899755	31.706245636704374	-267.47431843464705
0.6762191051423758	0.31222937096798303	0.048977860872523364	0.9639042246444111	2.101842135138734e-09	0.053225214216541916	31.706245636704374	-268.6282427907484
0.6741267925257448	0.3142155649814381	0.048979199871942665	0.9636113283702076	2.0973364085621252e-09	0.052867875594006894	31.706245636704374	-267.0022375363775
0.6738057114607556	0.3144829639967094	0.049062954674621	0.9660745261708683	2.0985690958375898e-09	0.054056824998708244	31.706245636704374	-264.3676396523982
0.6740260375508367	0.31428854925266697	0.049088463123858325	0.9658494687482114	2.0993217620612395e-09	0.05518583557712133	31.706245636704374	-262.90507850347933
0.6724800796269245	0.31683355362269827	0.049008074154338284	0.9655624863038723	2.0801376208279254e-09	0.052586334863659136	31.706245636704374	-272.8629249026789
0.673300488626264	0.314183270321223	0.04899558121360086	0.9648761264650018	2.098291935250087e-09	0.05412696033593082	31.706245636704374	-265.8718887643141
0.6730809703393165	0.3168600264792484	0.04899090271349329	0.9655802170141217	2.1000241752389977e-09	0.05430590444623218	31.706245636704374	-271.6491026445222
0.6738982211826811	0.3149748705751574	0.04901791110077088	0.9655818534418448	2.104192981223722e-09	0.05560613821328046	31.706245636704374	-265.10192974526063
0.6750885038012266	0.313963344481768	0.049025624491540694	0.9647065492809037	2.107372464878255e-09	0.054468256344748334	31.706245636704374	-268.8925611861803
0.6751071132026236	0.31443136273164907	0.04895221877566304	0.964256018357411	2.099969186096061e-09	0.05361316597502392	31.706245636704374	-269.9312124518341
0.6738364538818402	0.31537471172304277	0.04901266330485225	0.9649358424298831	2.097799766874814e-09	0.05434458249018347	31.706245636704374	-266.48443129801626
0.6722038053814307	0.3169634580876564	0.04901709914205429	0.9668131351056486	2.102226756838177e-09	0.055194156212899755	31.706245636704374	-267.47431843464705
0.6762191051423758	0.31222937096798303	0.048977860872523364	0.9639042246444111	2.101842135138734e-09	0.053225214216541916	31.706245636704374	-268.6282427907484
0.6743932917725758	0.3142742293952931	0.04897186508649257	0.9637865867321715	2.098052126639297e-09	0.0530704820776769	31.706245636704374	-267.0583103860932
0.6738018712541596	0.31443445131773684	0.049064751135649655	0.9661156442041751	2.09859720074012e-09	0.054042248201071376	31.706245636704374	-264.43227467626764
0.673844657038929	0.31411416191267705	0.04913927563816419	0.9662415764970033	2.0954868156476565e-09	0.05481580553505359	31.706245636704374	-262.8285025966664
0.6724800796269245	0.31683355362269827	0.049008074154338284	0.9655624863038723	2.0801376208279254e-09	0.052586334863659136	31.706245636704374	-272.8629249026789
0.6735059053451617	0.3136625210058751	0.04899155074967137	0.9645133107100307	2.0975549146528622e-09	0.05392706681471494	31.706245636704374	-266.8386251044934
0.6729758743268678	0.3168553963666436	0.04899390600497973	0.9655771159062053	2.096546009364828e-09	0.054005151077059485	31.706245636704374	-270.9725340513444
0.6742772319616921	0.31453005879891704	0.049018092721542755	0.9653064375597242	2.104632790764878e-09	0.05569829128384767	31.706245636704374	-264.7398478087069
0.6745751804104287	0.3138657709462416	0.04901457251013221	0.9646438714247152	2.104188095430835e-09	0.05429271892806728	31.706245636704374	-266.9462081870028
0.6751071132026236	0.31443136273164907	0.04895221877566304	0.964256018357411	2.099969186096061e-09	0.05361316597502392	31.706245636704374	-269.9312124518341
0.6740231469177778	0.3151930388877263	0.04901215606773785	0.9647211743804566	2.097293541440424e-09	0.05424743390155161	31.706245636704374	-266.4805660187885
0.6722038053814307	0.3169634580876564	0.04901709914205429	0.9668131351056486	2.102226756838177e-09	0.055194156212899755	31.706245636704374	-267.47431843464705
0.6762191051423758	0.31222937096798303	0.048977860872523364	0.9639042246444111	2.101842135138734e-09	0.053225214216541916	31.706245636704374	-268.6282427907484
0.6745854164510037	0.31422218083700326	0.048941690782813484	0.9630299856270105	2.0978750577296482e-09	0.05275480102138856	31.706245636704374	-268.49562978347666
0.6734198051021341	0.31435760781371863	0.04910225234358493	0.9667660355048016	2.0937461589534887e-09	0.05271122105011248	31.706245636704374	-266.22152795426865
0.6732210427109088	0.31402322530382787	0.04930561405356337	0.9689452803576907	2.0934762546519617e-09	0.056550878925800505	31.706245636704374	-268.61405403368553
0.6727106689944016	0.3165379963657386	0.04900935961858637	0.9655296331523535	2.0832805518041897e-09	0.052985624366649685	31.706245636704374	-270.92903319030927
0.6732513291525917	0.31337619033410763	0.04898279057726514	0.9642515393549485	2.0952188630847406e-09	0.05334247453969776	31.706245636704374	-269.98606814511055
0.6743860298465519	0.3148440022904257	0.04898692958751687	0.9648497434246137	2.098848762828227e-09	0.05366603482803862	31.706245636704374	-267.4964856644504
0.6742772319616921	0.31453005879891704	0.049018092721542755	0.9653064375597242	2.104632790764878e-09	0.05569829128384767	31.706245636704374	-264.7398478087069
0.6742104735820413	0.31422880839828904	0.049022717034426434	0.9648079630197435	2.1047085497564063e-09	0.05452954622925881	31.706245636704374	-266.6944977040967
0.674542652883023	0.3143092159805277	0.04905798237908361	0.965659413585212	2.0980259914094465e-09	0.054492360256666365	31.706245636704374	-264.1419914982517
0.6740330025982363	0.3151673226164929	0.04901238634403429	0.9647438760979214	2.0975782228802793e-09	0.05430371106974105	31.706245636704374	-266.38972804298334
0.6723807824827622	0.3163573961860542	0.04901130277684102	0.9663803584916728	2.101042786834758e-09	0.054881318199926636	31.706245636704374	-266.12393472642026
0.6768077682014306	0.3113897235862982	0.048974948598531166	0.9636005862838833	2.1028034091819807e-09	0.05308365166848442	31.706245636704374	-270.41512465165533
0.6745854164510037	0.31422218083700326	0.048941690782813484	0.9630299856270105	2.0978750577296482e-09	0.05275480102138856	31.706245636704374	-268.49562978347666
0.6734198051021341	0.31435760781371863	0.04910225234358493	0.9667660355048016	2.0937461589534887e-09	0.05271122105011248	31.706245636704374	-266.22152795426865
0.6737057466330603	0.31412811311841954	0.04921479450147315	0.9677401802866614	2.095144882283347e-09	0.0557959119213053	31.706245636704374	-264.0417731879549
0.6729898967482189	0.3158617614068082	0.04906700649826253	0.9661499326014017	2.0866097898671682e-09	0.05377421638297215	31.706245636704374	-267.16313797532234
0.6732513291525917	0.31337619033410763	0.04898279057726514	0.9642515393549485	2.0952188630847406e-09	0.05334247453969776	31.706245636704374	-269.98606814511055
0.6741377262932121	0.31471900706794875	0.049016565601578896	0.9653421983482705	2.09753747921569e-09	0.05342066370169705	31.706245636704374	-265.88343790200736
0.6740322004150595	0.31435771951596403	0.0491024310920082	0.9663499354670367	2.100564730268726e-09	0.0557401473641022	31.706245636704374	-262.8564477684709
0.6742104735820413	0.31422880839828904	0.049022717034426434	0.9648079630197435	2.1047085497564063e-09	0.05452954622925881	31.706245636704374	-266.6944977040967
0.6747407132755565	0.31405393722941916	0.04905072195263375	0.9654793908993266	2.098443726096787e-09	0.05436918358055043	31.706245636704374	-264.13198944345703
0.6740330025982363	0.3151673226164929	0.04901238634403429	0.9647438760979214	2.0975782228802793e-09	0.05430371106974105	31.706245636704374	-266.38972804298334
0.6733289417609837	0.31529343412112987	0.04900351654176887	0.965784994743594	2.1014198719486593e-09	0.05449629906743941	31.706245636704374	-265.90103569900805
0.6768077682014306	0.3113897235862982	0.048974948598531166	0.9636005862838833	2.1028034091819807e-09	0.05308365166848442	31.706245636704374	-270.41512465165533
0.6745854164510037	0.31422218083700326	0.048941690782813484	0.9630299856270105	2.0978750577296482e-09	0.05275480102138856	31.706245636704374	-268.49562978347666
0.673226389447261	0.3150343261179518	0.049086395247084004	0.9664888509712956	2.0905355083865095e-09	0.05318946236959301	31.706245636704374	-263.4335902006628
0.6737557665159928	0.31421088081830373	0.04924033227153604	0.9681241915065156	2.0951367388663703e-09	0.056065973386554585	31.706245636704374	-264.5778143301148
0.6729898967482189	0.3158617614068082	0.04906700649826253	0.9661499326014017	2.0866097898671682e-09	0.05377421638297215	31.706245636704374	-267.16313797532234
0.6732513291525917	0.31337619033410763	0.04898279057726514	0.9642515393549485	2.0952188630847406e-09	0.05334247453969776	31.706245636704374	-269.98606814511055
0.6741337714679779	0.3147359374259224	0.04901640777451596	0.9653196030804622	2.0975390178748526e-09	0.053454011436561914	31.706245636704374	-265.85285274067684
0.6740322004150595	0.31435771951596403	0.0491024310920082	0.9663499354670367	2.100564730268726e-09	0.0557401473641022	31.706245636704374	-262.8564477684709
0.6750296578292574	0.3132758029509538	0.049027827394317956	0.9641039744604145	2.1063497750105633e-09	0.05437205185378922	31.706245636704374	-268.23660597229264
0.6747407132755565	0.31405393722941916	0.04905072195263375	0.9654793908993266	2.098443726096787e-09	0.05436918358055043	31.706245636704374	-264.13198944345703
0.6740330025982363	0.3151673226164929	0.04901238634403429	0.9647438760979214	2.0975782228802793e-09	0.05430371106974105	31.706245636704374	-266.38972804298334
0.6733238063509176	0.3152995264745886	0.0490034431337502	0.9657900706811032	2.101404985822585e-09	0.05449667423905304	31.706245636704374	-265.90075437130804
0.6752218005862699	0.3130036890398559	0.049024301316452225	0.9648796172305306	2.0973707267702223e-09	0.05313050857941581	31.706245636704374	-265.4711362653687
0.6745854164510037	0.31422218083700326	0.048941690782813484	0.9630299856270105	2.0978750577296482e-09	0.05275480102138856	31.706245636704374	-268.49562978347666
0.6733127624457425	0.31473212623086294	0.049093476498975906	0.9666126323648301	2.0919692781438124e-09	0.05297589570257043	31.706245636704374	-264.0245473462942
0.6737557665159928	0.31421088081830373	0.04924033227153604	0.9681241915065156	2.0951367388663703e-09	0.056065973386554585	31.706245636704374	-264.5778143301148
0.6729898967482189	0.3158617614068082	0.04906700649826253	0.9661499326014017	2.0866097898671682e-09	0.05377421638297215	31.706245636704374	-267.16313797532234
0.6732815394365264	0.31345869156349804	0.04898615698923333	0.9643361529920527	2.095200441704586e-09	0.05334311743391733	31.706245636704374	-269.27124262897485
0.6737905684376514	0.3148487982728221	0.04904287943928542	0.9657618527726258	2.0948900501584535e-09	0.053353949897561995	31.706245636704374	-264.50987185933514
0.6740432490955898	0.31436358845557455	0.04909691937263336	0.966279020907624	2.100781679576058e-09	0.0557271245487287	31.706245636704374	-262.89676308458854
0.6744613508922289	0.3136929588206448	0.049122629827318236	0.9658974690952151	2.1013474281387844e-09	0.05512774219238281	31.706245636704374	-263.1072042414173
0.6745497554598473	0.3144708118710184	0.04906120908638789	0.9657174588490784	2.0988696313391314e-09	0.05486085040967455	31.706245636704374	-264.62704430996877
0.6738815094434927	0.3154265168947276	0.049031773789772776	0.9652138908758324	2.097496819331937e-09	0.05472848186153702	31.706245636704374	-266.7517330684095
0.6729246330636012	0.3155693588274528	0.048984634338963044	0.9658137133457753	2.1022305060471207e-09	0.05437809721319573	31.706245636704374	-267.1699152912697
0.6745916776601291	0.31352255775598675	0.049117154586587136	0.966274182799173	2.096410526033092e-09	0.054392214368769135	31.706245636704374	-262.79328495599276
0.6745784850328876	0.31423404001254657	0.04894257783604596	0.9630514906841328	2.0978713331915286e-09	0.052774235985076356	31.706245636704374	-268.43563367112625
0.6730401204740455	0.31497897542350417	0.04910335585012943	0.9668601353628925	2.091197862648092e-09	0.052953814446728566	31.706245636704374	-264.0271329012585
0.6737557665159928	0.31421088081830373	0.04924033227153604	0.9681241915065156	2.0951367388663703e-09	0.056065973386554585	31.706245636704374	-264.5778143301148
0.6727033109776848	0.3161173142600998	0.049068071630467655	0.9662293890435919	2.084357344765137e-09	0.05357457403875882	31.706245636704374	-268.15185129175177
0.6731583453820235	0.3144737827319725	0.04902030898145258	0.965102319513652	2.091571627154781e-09	0.053525219813147965	31.706245636704374	-263.9522637321153
0.6737549068615377	0.3146222518824806	0.04904723440503187	0.965976730370571	2.0938678325523146e-09	0.052814941385389697	31.706245636704374	-264.83565993177194
0.6741917512560858	0.31427248718270095	0.04909596652292533	0.9661929933033373	2.102200458274058e-09	0.05613768260980602	31.706245636704374	-262.91967480212054
0.6744712418766884	0.3137351504392623	0.04910820466940192	0.9656688622626517	2.101070597388225e-09	0.0549385621775805	31.706245636704374	-263.260098351571
0.6745497554598473	0.3144708118710184	0.04906120908638789	0.9657174588490784	2.0988696313391314e-09	0.05486085040967455	31.706245636704374	-264.62704430996877
0.673836979815385	0.3155027039992669	0.04903747250104559	0.9653520461825914	2.0974728917179107e-09	0.05485333823159342	31.706245636704374	-266.93442137785024
0.6725409383646254	0.31587915363390284	0.048994391474139844	0.9664545507437682	2.103241836896357e-09	0.0547501940287213	31.706245636704374	-267.2188063169966
0.6747062974287468	0.3133202314749537	0.04912567229957584	0.9668502715483259	2.091975496134106e-09	0.05387225047065096	31.706245636704374	-262.74821945712216
0.6745784850328876	0.31423404001254657	0.04894257783604596	0.9630514906841328	2.0978713331915286e-09	0.052774235985076356	31.706245636704374	-268.43563367112625
0.6730401204740455	0.31497897542350417	0.04910335585012943	0.9668601353628925	2.091197862648092e-09	0.052953814446728566	31.706245636704374	-264.0271329012585
0.6737557665159928	0.31421088081830373	0.04924033227153604	0.9681241915065156	2.0951367388663703e-09	0.056065973386554585	31.706245636704374	-264.5778143301148
0.6733711684252968	0.3155217757027904	0.04906558945392917	0.966044224314099	2.0896064268599155e-09	0.05403981914214655	31.706245636704374	-266.0985849851515
0.6731917323215969	0.31431727436671053	0.04902540527736518	0.9650006934502663	2.090048954546417e-09	0.05340338213505234	31.706245636704374	-263.9412432897625
0.674132656152473	0.31443373113412904	0.04901757542374343	0.9655098697597683	2.095278854440514e-09	0.05274154994793548	31.706245636704374	-265.8300381220503
0.6741917512560858	0.31427248718270095	0.04909596652292533	0.9661929933033373	2.102200458274058e-09	0.05613768260980602	31.706245636704374	-262.91967480212054
0.6747857344502979	0.3130862794890425	0.04919238490109204	0.9658165411452516	2.1064502103341957e-09	0.05697923897207206	31.706245636704374	-262.89236298326205
0.6745889944754994	0.3144925492290363	0.04905739950096406	0.9656653379418441	2.098504556379506e-09	0.05472090334156847	31.706245636704374	-264.90646273658297
0.673623537061381	0.3160385644707074	0.04901581688563928	0.9649841882866212	2.098822662199058e-09	0.055094223807125954	31.706245636704374	-269.4414056651198
0.6725409383646254	0.31587915363390284	0.048994391474139844	0.9664545507437682	2.103241836896357e-09	0.0547501940287213	31.706245636704374	-267.2188063169966
0.6746896203894687	0.3131761791832187	0.049164669792315895	0.9677388938295381	2.0907040959997474e-09	0.054063604594894024	31.706245636704374	-263.1866130072003
0.6748005733566325	0.3141345644774091	0.04890521801197817	0.9618268564981882	2.0991627687298035e-09	0.05279051843674644	31.706245636704374	-270.3549525931325
0.6721477713157181	0.315526402773381	0.04910908152194545	0.9673770750493033	2.082672424548172e-09	0.05048677195372231	31.706245636704374	-266.9289144200585
0.6740323870598078	0.3139088443947279	0.04922745495055841	0.9675044212431837	2.0981752204788847e-09	0.05631125094763111	31.706245636704374	-263.6340007848206
0.673811458698864	0.31479576457739356	0.04908540318913986	0.9663100373975905	2.0903876833198814e-09	0.0539845594211582	31.706245636704374	-264.18160881762583
0.6729570155353901	0.3144717891526109	0.04900986659031587	0.9647140586763859	2.089750392505194e-09	0.05333072017528164	31.706245636704374	-264.31225298232863
0.6739309451100272	0.314524079485416	0.049051507369967516	0.9666221400227717	2.094105912053068e-09	0.052726761460884175	31.706245636704374	-265.21250148195213
0.6741917512560858	0.31427248718270095	0.04909596652292533	0.9661929933033373	2.102200458274058e-09	0.05613768260980602	31.706245636704374	-262.91967480212054
0.6747470262804337	0.31311560632706487	0.04918852156828608	0.9657932050938064	2.1060967282435602e-09	0.056902011419938385	31.706245636704374	-262.89162636322175
0.6744472674964451	0.31473234677935835	0.04915933889390553	0.9682365604393426	2.098063650144043e-09	0.05601397956688499	31.706245636704374	-265.82152189880003
0.6736479544423877	0.31596455946323126	0.04901913767308837	0.9650334801910748	2.0989951785142144e-09	0.05514323111678722	31.706245636704374	-269.0105485485045
0.6725409383646254	0.31587915363390284	0.048994391474139844	0.9664545507437682	2.103241836896357e-09	0.0547501940287213	31.706245636704374	-267.2188063169966
0.6746942677352691	0.3131712754528884	0.049166600734402544	0.9675813788389545	2.091950220458617e-09	0.05429339038545183	31.706245636704374	-263.11753274446005
0.6748005733566325	0.3141345644774091	0.04890521801197817	0.9618268564981882	2.0991627687298035e-09	0.05279051843674644	31.706245636704374	-270.3549525931325
0.6728602546588054	0.3148655779082211	0.049130856880869496	0.9669429195023381	2.089093274535164e-09	0.05224525710567637	31.706245636704374	-265.22013552232755
0.6740965639575973	0.31365120528643403	0.04926871919266128	0.9678513746612628	2.100437401640915e-09	0.056987125442169786	31.706245636704374	-264.3858746643036
0.673811458698864	0.31479576457739356	0.04908540318913986	0.9663100373975905	2.0903876833198814e-09	0.0539845594211582	31.706245636704374	-264.18160881762583
0.6731732147682562	0.3144313669799056	0.049024751635833495	0.9649661680749057	2.092025799299955e-09	0.05383762583695337	31.706245636704374	-263.81220086086813
0.6739309451100272	0.314524079485416	0.049051507369967516	0.9666221400227717	2.094105912053068e-09	0.052726761460884175	31.706245636704374	-265.21250148195213
0.6742182883832364	0.3142359724560929	0.04909670364103737	0.9661848258702586	2.1030247634175804e-09	0.05628792931525203	31.706245636704374	-262.86947145194904
0.6753955014174479	0.3123032671153747	0.04924558572175791	0.9655988038607913	2.10693591785349e-09	0.0575345338446341	31.706245636704374	-263.75042434850354
0.6744227745334863	0.3146568403883294	0.049166977960265264	0.9682096592537265	2.0982294317830803e-09	0.05608194359700345	31.706245636704374	-265.35454518067894
0.6736479544423877	0.31596455946323126	0.04901913767308837	0.9650334801910748	2.0989951785142144e-09	0.05514323111678722	31.706245636704374	-269.0105485485045
0.6725409383646254	0.31587915363390284	0.048994391474139844	0.9664545507437682	2.103241836896357e-09	0.0547501940287213	31.706245636704374	-267.2188063169966
0.6753163394355642	0.3120265786157252	0.04922381661344139	0.9684772300360668	2.093051262807057e-09	0.05451100823386474	31.706245636704374	-265.2128207896647
0.6748005733566325	0.3141345644774091	0.04890521801197817	0.9618268564981882	2.0991627687298035e-09	0.05279051843674644	31.706245636704374	-270.3549525931325
0.6725246587634065	0.31499201337840277	0.049169883190478936	0.9678277894707189	2.087351663260558e-09	0.05215094916294934	31.706245636704374	-266.0530206899941
0.6729938988594122	0.31511985190192204	0.04930931068496344	0.9672856075256108	2.1071143988830795e-09	0.059225511172931025	31.706245636704374	-265.45531622282317
0.6737804071362707	0.3148529036908955	0.04908254718001991	0.9662653197557042	2.0903327232800915e-09	0.053973696727616274	31.706245636704374	-264.3034806956133
0.6733015992387985	0.3141373921898228	0.049030916302523944	0.9646639502160562	2.089748369618683e-09	0.05365232778777565	31.706245636704374	-263.8958691164324
0.6739309451100272	0.314524079485416	0.049051507369967516	0.9666221400227717	2.094105912053068e-09	0.052726761460884175	31.706245636704374	-265.21250148195213
0.6747552803684208	0.31429372029046576	0.04913524153986891	0.9670757473366293	2.110802009505218e-09	0.0578318517070268	31.706245636704374	-263.6815422735911
0.6757747893060079	0.31190967108891987	0.049238830781196716	0.9649410563947656	2.108833475333528e-09	0.0576943763186317	31.706245636704374	-263.95327394974737
0.6744227745334863	0.3146568403883294	0.049166977960265264	0.9682096592537265	2.0982294317830803e-09	0.05608194359700345	31.706245636704374	-265.35454518067894
0.6736479544423877	0.31596455946323126	0.04901913767308837	0.9650334801910748	2.0989951785142144e-09	0.05514323111678722	31.706245636704374	-269.0105485485045
0.6725409383646254	0.31587915363390284	0.048994391474139844	0.9664545507437682	2.103241836896357e-09	0.0547501940287213	31.706245636704374	-267.2188063169966
0.6753163394355642	0.3120265786157252	0.04922381661344139	0.9684772300360668	2.093051262807057e-09	0.05451100823386474	31.706245636704374	-265.2128207896647
0.6748005733566325	0.3141345644774091	0.04890521801197817	0.9618268564981882	2.0991627687298035e-09	0.05279051843674644	31.706245636704374	-270.3549525931325
0.6725246587634065	0.31499201337840277	0.049169883190478936	0.9678277894707189	2.087351663260558e-09	0.05215094916294934	31.706245636704374	-266.0530206899941
0.6729938988594122	0.31511985190192204	0.04930931068496344	0.9672856075256108	2.1071143988830795e-09	0.059225511172931025	31.706245636704374	-265.45531622282317
0.6738420592239229	0.3143354668830371	0.049112062083527856	0.9668386979074465	2.086300653914641e-09	0.053429319451778666	31.706245636704374	-263.76069602616235
0.6733015992387985	0.3141373921898228	0.049030916302523944	0.9646639502160562	2.089748369618683e-09	0.05365232778777565	31.706245636704374	-263.8958691164324
0.6739309451100272	0.314524079485416	0.049051507369967516	0.9666221400227717	2.094105912053068e-09	0.052726761460884175	31.706245636704374	-265.21250148195213
0.6747552803684208	0.31429372029046576	0.04913524153986891	0.9670757473366293	2.110802009505218e-09	0.0578318517070268	31.706245636704374	-263.6815422735911
0.6758796391013961	0.3116644872933081	0.04924948425401801	0.9647215174577147	2.1086310245285305e-09	0.057680237878238755	31.706245636704374	-264.6451272920357
0.6744227745334863	0.3146568403883294	0.049166977960265264	0.9682096592537265	2.0982294317830803e-09	0.05608194359700345	31.706245636704374	-265.35454518067894
0.6736479544423877	0.31596455946323126	0.04901913767308837	0.9650334801910748	2.0989951785142144e-09	0.05514323111678722	31.706245636704374	-269.0105485485045
0.6725409383646254	0.31587915363390284	0.048994391474139844	0.9664545507437682	2.103241836896357e-09	0.0547501940287213	31.706245636704374	-267.2188063169966
0.6753163394355642	0.3120265786157252	0.04922381661344139	0.9684772300360668	2.093051262807057e-09	0.05451100823386474	31.706245636704374	-265.2128207896647
0.6748005733566325	0.3141345644774091	0.04890521801197817	0.9618268564981882	2.0991627687298035e-09	0.05279051843674644	31.706245636704374	-270.3549525931325
0.6725246587634065	0.31499201337840277	0.049169883190478936	0.9678277894707189	2.087351663260558e-09	0.05215094916294934	31.706245636704374	-266.0530206899941
0.6729938988594122	0.31511985190192204	0.04930931068496344	0.9672856075256108	2.1071143988830795e-09	0.059225511172931025	31.706245636704374	-265.45531622282317
0.673077202009508	0.31437043123170316	0.04909264841301061	0.9666401600536355	2.065779842828186e-09	0.04974203233911312	31.706245636704374	-266.5879695764783
0.6734697676174337	0.3139524098595377	0.04900083698889366	0.9639791387863895	2.0902671355152692e-09	0.053977300442762194	31.706245636704374	-264.0416654426279
0.6739309451100272	0.314524079485416	0.049051507369967516	0.9666221400227717	2.094105912053068e-09	0.052726761460884175	31.706245636704374	-265.21250148195213
0.6748750401930051	0.31416293401649925	0.049123810918988674	0.9666673421959724	2.1153303201223017e-09	0.05846212241591943	31.706245636704374	-263.6441615752253
0.6758796391013961	0.3116644872933081	0.04924948425401801	0.9647215174577147	2.1086310245285305e-09	0.057680237878238755	31.706245636704374	-264.6451272920357
0.6744227745334863	0.3146568403883294	0.049166977960265264	0.9682096592537265	2.0982294317830803e-09	0.05608194359700345	31.706245636704374	-265.35454518067894
0.6739045618111822	0.31553146492323664	0.049068099887065675	0.9660853772203989	2.0987415760894753e-09	0.05545411688545811	31.706245636704374	-267.1735862098651
0.6727082173755365	0.3157160785524185	0.04900126503111571	0.9664747191126799	2.102142382899749e-09	0.05450668600279771	31.706245636704374	-266.9202870512469
0.6749843171934456	0.31224000386699546	0.049208687494624044	0.9706909364993503	2.0838681801031146e-09	0.05264298878322321	31.706245636704374	-266.49677302716947
0.6743733209624989	0.31391634403555835	0.048961654931625284	0.962800969554909	2.0964444689225167e-09	0.05352862943774703	31.706245636704374	-265.197558289299
0.6727107294775374	0.3150427059887896	0.04922517124810456	0.9676127946683268	2.0951883045914355e-09	0.054956269544916024	31.706245636704374	-264.04297467990966
0.6729430816016303	0.3151060073833921	0.049294211116556096	0.9673443241610897	2.104974155457262e-09	0.05845935788719137	31.706245636704374	-264.80406395501655
0.6731763278990702	0.314647292739291	0.049079881375907665	0.9663611186313948	2.0715485430689774e-09	0.05068008989734029	31.706245636704374	-265.52739794015673
0.6738105262485119	0.31362889494728213	0.049035996001417344	0.9640841119940755	2.0928638107832556e-09	0.05450090010352352	31.706245636704374	-263.6996573691455
0.6739309451100272	0.314524079485416	0.049051507369967516	0.9666221400227717	2.094105912053068e-09	0.052726761460884175	31.706245636704374	-265.21250148195213
0.6750980155700694	0.3139194289942288	0.04910252876523055	0.9659069512172027	2.1237613759526942e-09	0.05963559481750065	31.706245636704374	-264.35740950052536
0.6758796391013961	0.3116644872933081	0.04924948425401801	0.9647215174577147	2.1086310245285305e-09	0.057680237878238755	31.706245636704374	-264.6451272920357
0.6744227745334863	0.3146568403883294	0.049166977960265264	0.9682096592537265	2.0982294317830803e-09	0.05608194359700345	31.706245636704374	-265.35454518067894
0.6738249306015286	0.3154859445201858	0.049082872464752465	0.9662091223236139	2.0983712065712957e-09	0.05542950173712883	31.706245636704374	-266.31016592450845
0.6737666420415787	0.3143225197550517	0.049120759205113274	0.966023032813132	2.1046217791627147e-09	0.05606212318967374	31.706245636704374	-263.1577408821873
0.6749843171934456	0.31224000386699546	0.049208687494624044	0.9706909364993503	2.0838681801031146e-09	0.05264298878322321	31.706245636704374	-266.49677302716947
0.6757215508334722	0.3124591038647657	0.048929582741196194	0.9598263444738969	2.0918308833855626e-09	0.0527366996822485	31.706245636704374	-266.3455454993074
0.6727114505014141	0.31484943449896713	0.04928943684262884	0.9679394452775899	2.093192344037672e-09	0.055085309077677204	31.706245636704374	-265.3360377114816
0.6729430816016303	0.3151060073833921	0.049294211116556096	0.9673443241610897	2.104974155457262e-09	0.05845935788719137	31.706245636704374	-264.80406395501655
0.6731585163295934	0.3146256671406724	0.049080169534428654	0.9663678628755421	2.0708834400177846e-09	0.050563323962702494	31.706245636704374	-265.6096161315796
0.6738105262485119	0.31362889494728213	0.049035996001417344	0.9640841119940755	2.0928638107832556e-09	0.05450090010352352	31.706245636704374	-263.6996573691455
0.6739309451100272	0.314524079485416	0.049051507369967516	0.9666221400227717	2.094105912053068e-09	0.052726761460884175	31.706245636704374	-265.21250148195213
0.6750980155700694	0.3139194289942288	0.04910252876523055	0.9659069512172027	2.1237613759526942e-09	0.05963559481750065	31.706245636704374	-264.35740950052536
0.6750224699896009	0.3126690529178797	0.049262539842079275	0.965487103996552	2.1075635994179986e-09	0.05790765981910286	31.706245636704374	-263.882557421343
0.6736241736105365	0.31474671573141316	0.04922412422517252	0.9680835620759317	2.095878840751181e-09	0.05561685736431972	31.706245636704374	-263.5697529912452
0.6738249306015286	0.3154859445201858	0.049082872464752465	0.9662091223236139	2.0983712065712957e-09	0.05542950173712883	31.706245636704374	-266.31016592450845
0.6739629041303234	0.3140641142500264	0.04914291682949035	0.9659392773041658	2.105081529870543e-09	0.05635054556020405	31.706245636704374	-262.8977456736239
0.6749838954450594	0.31223526107582306	0.04920809220036201	0.9707484606700856	2.0836062463560966e-09	0.05258479209157917	31.706245636704374	-266.54759460355746
0.6755289820716223	0.31268117944137774	0.048942694993935075	0.960557190978796	2.092075548890614e-09	0.05273563088694752	31.706245636704374	-265.7864865813465
0.6727114505014141	0.31484943449896713	0.04928943684262884	0.9679394452775899	2.093192344037672e-09	0.055085309077677204	31.706245636704374	-265.3360377114816
0.6729430816016303	0.3151060073833921	0.049294211116556096	0.9673443241610897	2.104974155457262e-09	0.05845935788719137	31.706245636704374	-264.80406395501655
0.6731585163295934	0.3146256671406724	0.049080169534428654	0.9663678628755421	2.0708834400177846e-09	0.050563323962702494	31.706245636704374	-265.6096161315796
0.6741367423843597	0.3130734036973761	0.048938890166041124	0.9628580581830447	2.088309526129426e-09	0.05301226010009845	31.706245636704374	-264.5141612193407
0.6739309451100272	0.314524079485416	0.049051507369967516	0.9666221400227717	2.094105912053068e-09	0.052726761460884175	31.706245636704374	-265.21250148195213
0.6755517600727898	0.31336110191795846	0.04910953453350694	0.9657992533951382	2.132810771762585e-09	0.061134702622800054	31.706245636704374	-265.2699382644673
0.6750224699896009	0.3126690529178797	0.049262539842079275	0.965487103996552	2.1075635994179986e-09	0.05790765981910286	31.706245636704374	-263.882557421343
0.6736241736105365	0.31474671573141316	0.04922412422517252	0.9680835620759317	2.095878840751181e-09	0.05561685736431972	31.706245636704374	-263.5697529912452
0.6736956392977758	0.31531904175613884	0.049082348068141775	0.9662399196426114	2.0930382938102343e-09	0.05448541260932314	31.706245636704374	-265.51567038485626
0.673983137856174	0.3137729034936454	0.04920078950290115	0.9655069468724514	2.11203035495657e-09	0.058644816577513754	31.706245636704374	-262.99001410539637
0.6750384068417028	0.31227985514896806	0.04918155114856846	0.9697292825846787	2.084453219088968e-09	0.05259987672767707	31.706245636704374	-265.3415045574959
0.6764209544684154	0.3124532180156813	0.048951147902669495	0.9591293454946399	2.0946366407498728e-09	0.052588777307505795	31.706245636704374	-268.92478362413044
0.6727114505014141	0.31484943449896713	0.04928943684262884	0.9679394452775899	2.093192344037672e-09	0.055085309077677204	31.706245636704374	-265.3360377114816
0.6729430816016303	0.3151060073833921	0.049294211116556096	0.9673443241610897	2.104974155457262e-09	0.05845935788719137	31.706245636704374	-264.80406395501655
0.6729891329080613	0.3146479439706775	0.04908645476823651	0.9663121032582075	2.0657910588566854e-09	0.05008891071581745	31.706245636704374	-267.8380976490941
0.6741735006384076	0.31302759989242707	0.04892984957305954	0.9627270092940613	2.0881835983364674e-09	0.052958796201311525	31.706245636704374	-264.5960833961399
0.6739309451100272	0.314524079485416	0.049051507369967516	0.9666221400227717	2.094105912053068e-09	0.052726761460884175	31.706245636704374	-265.21250148195213
0.6755484291630444	0.3132616743875652	0.04908513698236993	0.9650326875906874	2.1268539123415703e-09	0.059906475892465415	31.706245636704374	-264.9567820131942
0.6750224699896009	0.3126690529178797	0.049262539842079275	0.965487103996552	2.1075635994179986e-09	0.05790765981910286	31.706245636704374	-263.882557421343
0.673661107013402	0.31471991169590297	0.049203342216852845	0.9679076158438488	2.0956653910338252e-09	0.055268907582483325	31.706245636704374	-263.21203367414313
0.6736956392977758	0.31531904175613884	0.049082348068141775	0.9662399196426114	2.0930382938102343e-09	0.05448541260932314	31.706245636704374	-265.51567038485626
0.673983137856174	0.3137729034936454	0.04920078950290115	0.9655069468724514	2.11203035495657e-09	0.058644816577513754	31.706245636704374	-262.99001410539637
0.6750384068417028	0.31227985514896806	0.04918155114856846	0.9697292825846787	2.084453219088968e-09	0.05259987672767707	31.706245636704374	-265.3415045574959
0.6757768453686517	0.31237245074383213	0.04905848946865338	0.9640677040760738	2.089892330729887e-09	0.05259394836808721	31.706245636704374	-263.2862673692355
0.672247757373669	0.31536147516993324	0.04931093524981924	0.9675827839837318	2.094933791486023e-09	0.055580581756505106	31.706245636704374	-265.50573380102963
0.6727955806203271	0.31506425273894106	0.04933573618194719	0.9675607869666204	2.10731357915149e-09	0.05923824943415615	31.706245636704374	-265.8183989468449
0.6729891329080613	0.3146479439706775	0.04908645476823651	0.9663121032582075	2.0657910588566854e-09	0.05008891071581745	31.706245636704374	-267.8380976490941
0.6737358419204242	0.31295309075131966	0.048880419448322186	0.9619930800829773	2.0758743038908098e-09	0.05074725390503631	31.706245636704374	-266.3581789868033
0.6739309451100272	0.314524079485416	0.049051507369967516	0.9666221400227717	2.094105912053068e-09	0.052726761460884175	31.706245636704374	-265.21250148195213
0.6748465500674379	0.3131421830889208	0.04900586523518245	0.9638556755725368	2.1071133334428294e-09	0.056359796155437555	31.706245636704374	-263.687881322037
0.6750224699896009	0.3126690529178797	0.049262539842079275	0.965487103996552	2.1075635994179986e-09	0.05790765981910286	31.706245636704374	-263.882557421343
0.6735923690022955	0.31476979759721874	0.049242020318729846	0.9682350753552058	2.0960626495560293e-09	0.055916488745137584	31.706245636704374	-263.99847966538084
0.6743833734642538	0.3159723081424429	0.049078350485094055	0.9661696539812838	2.1195615562922402e-09	0.05876509727908442	31.706245636704374	-271.4421690172049
0.6739864538130313	0.3137550706119696	0.04920215558518681	0.9654984928958577	2.112249405986751e-09	0.0586927903975826	31.706245636704374	-263.02903921248185
0.6752295536015427	0.3120425525116273	0.049168410598816874	0.9699140944560437	2.082504925586298e-09	0.052034115804534785	31.706245636704374	-265.54704204960166
0.6757768453686517	0.31237245074383213	0.04905848946865338	0.9640677040760738	2.089892330729887e-09	0.05259394836808721	31.706245636704374	-263.2862673692355
0.672247757373669	0.31536147516993324	0.04931093524981924	0.9675827839837318	2.094933791486023e-09	0.055580581756505106	31.706245636704374	-265.50573380102963
0.6727955806203271	0.31506425273894106	0.04933573618194719	0.9675607869666204	2.10731357915149e-09	0.05923824943415615	31.706245636704374	-265.8183989468449
0.6729891329080613	0.3146479439706775	0.04908645476823651	0.9663121032582075	2.0657910588566854e-09	0.05008891071581745	31.706245636704374	-267.8380976490941
0.6737358419204242	0.31295309075131966	0.048880419448322186	0.9619930800829773	2.0758743038908098e-09	0.05074725390503631	31.706245636704374	-266.3581789868033
0.6739309451100272	0.314524079485416	0.049051507369967516	0.9666221400227717	2.094105912053068e-09	0.052726761460884175	31.706245636704374	-265.21250148195213
0.6748130530080313	0.31323086862115146	0.04895867112432921	0.9635581464257378	2.1070202650356038e-09	0.05607320575230491	31.706245636704374	-264.5328464703455
0.6750289298990079	0.3126593212282832	0.04926282074533782	0.9654756182374081	2.1076200585325854e-09	0.057920181167702804	31.706245636704374	-263.8969091369578
0.6735923690022955	0.31476979759721874	0.049242020318729846	0.9682350753552058	2.0960626495560293e-09	0.055916488745137584	31.706245636704374	-263.99847966538084
0.6743833734642538	0.3159723081424429	0.049078350485094055	0.9661696539812838	2.1195615562922402e-09	0.05876509727908442	31.706245636704374	-271.4421690172049
0.6733399869466244	0.3141650386114769	0.049392579961815175	0.9670159994575257	2.116339013604489e-09	0.06074151568931268	31.706245636704374	-266.444832320391
0.6751789795402258	0.31201206732177694	0.04917856817528888	0.9704543468832286	2.0818222712816698e-09	0.051982382875048486	31.706245636704374	-266.2237594065971
0.676516996980858	0.3115097110185885	0.04906128908449111	0.9630434505307413	2.088202808777147e-09	0.05254069423136097	31.706245636704374	-263.6803761452993
0.6718774812576774	0.315708175029713	0.049362762215340604	0.9680881246554278	2.0971243381330027e-09	0.05601512965928067	31.706245636704374	-266.41400796415195
0.673478231717481	0.3144478829293444	0.04927225212769851	0.9667609395632587	2.103324455288713e-09	0.05771683493545333	31.706245636704374	-264.096574239146
0.6734606982278207	0.3142257648016603	0.0491411618263857	0.9659274021767711	2.0877580558490347e-09	0.0541571010576464	31.706245636704374	-264.28513362297747
0.6737358419204242	0.31295309075131966	0.048880419448322186	0.9619930800829773	2.0758743038908098e-09	0.05074725390503631	31.706245636704374	-266.3581789868033
0.6739309451100272	0.314524079485416	0.049051507369967516	0.9666221400227717	2.094105912053068e-09	0.052726761460884175	31.706245636704374	-265.21250148195213
0.674864017214776	0.3131985487994076	0.04894365902115114	0.9634385138162971	2.1066978608738975e-09	0.055911694521402974	31.706245636704374	-264.84083251395333
0.6750289298990079	0.3126593212282832	0.04926282074533782	0.9654756182374081	2.1076200585325854e-09	0.057920181167702804	31.706245636704374	-263.8969091369578
0.6735923690022955	0.31476979759721874	0.049242020318729846	0.9682350753552058	2.0960626495560293e-09	0.055916488745137584	31.706245636704374	-263.99847966538084
0.6744847788083309	0.31545189728466694	0.04910732745628501	0.9660606334067522	2.117685761049684e-09	0.05863237610340045	31.706245636704374	-267.8635984648365
0.6734593483479615	0.3142375574876083	0.04932369030931223	0.9669364479478362	2.111848384112266e-09	0.05912270008556713	31.706245636704374	-264.40582968317784
0.6749279272391518	0.31325605510198185	0.04915280452276828	0.9688653945415651	2.094792023713686e-09	0.0543873012587366	31.706245636704374	-263.152513080224
0.676516996980858	0.3115097110185885	0.04906128908449111	0.9630434505307413	2.088202808777147e-09	0.05254069423136097	31.706245636704374	-263.6803761452993
0.6725847483198736	0.31510468211605663	0.049263545416124405	0.9670053503258961	2.098520653164206e-09	0.055881894440205054	31.706245636704374	-264.3067225607832
0.673478231717481	0.3144478829293444	0.04927225212769851	0.9667609395632587	2.103324455288713e-09	0.05771683493545333	31.706245636704374	-264.096574239146
0.673485003260249	0.314326187502072	0.04915977923740088	0.9663533742397385	2.0892909960186104e-09	0.05448186541761026	31.706245636704374	-264.12566141417244
0.6737358419204242	0.31295309075131966	0.048880419448322186	0.9619930800829773	2.0758743038908098e-09	0.05074725390503631	31.706245636704374	-266.3581789868033
0.6738212134012359	0.31445741119811055	0.04911483922769123	0.9666952735734621	2.098234252054191e-09	0.054214976247465615	31.706245636704374	-263.76184609899775
0.6745448607308557	0.3134321682762002	0.04898857703442466	0.9640045610695466	2.1023903857851542e-09	0.05551264777165651	31.706245636704374	-263.6211817803791
0.6750289298990079	0.3126593212282832	0.04926282074533782	0.9654756182374081	2.1076200585325854e-09	0.057920181167702804	31.706245636704374	-263.8969091369578
#mean_acceptance_fraction=0.6
#evaluations=372
#successes=372
#complete=1
